Read ID	Length of the nucleotide sequence	5-mer centered on the midpoint of the sequence	 reverse complement of the 5-merAA	AT	AG	AC	TA	TT	TG	TC	GA	GT	GG	GC	CA	CT	CG	CC
gi|4|emb|X17276.1|	555	AGGGT	ACCCT	28	26	21	31	15	61	47	44	35	38	38	22	28	43	26	51
gi|7|emb|X51700.1|	437	CCAGA	TCTGG	14	9	40	22	8	5	33	25	29	13	32	49	34	44	18	61
gi|9|emb|X68321.1|	1511	TTTGT	ACAAA	162	102	124	91	107	131	107	67	104	85	68	64	107	94	21	76
gi|11|emb|X55027.1|	2367	GGAGA	TCTCC	212	93	274	136	68	98	126	104	260	85	218	140	175	119	85	173
gi|15|emb|Z12029.1|	539	TAAAG	CTTTA	45	33	34	30	25	50	48	30	37	29	47	17	35	41	1	36
gi|16|emb|X52700.1|	1759	AACCA	TGGTT	221	122	133	108	91	105	114	94	119	74	115	83	154	102	29	94
gi|17|emb|X52701.1|	1757	AACCA	TGGTT	222	119	134	112	93	104	109	89	115	81	116	82	157	91	35	97
gi|18|emb|X52702.1|	1757	AAAAG	CTTTT	219	123	127	110	95	102	113	93	116	77	118	82	149	101	35	96
gi|19|emb|X52706.1|	421	TAGCC	GGCTA	21	19	48	17	53	45	8	14	18	36	71	14	13	19	13	11
gi|20|emb|X52703.1|	409	CAAGG	CCTTG	22	18	43	19	50	42	12	13	16	38	66	13	14	18	13	11
gi|21|emb|X52704.1|	421	TAGCC	GGCTA	21	17	47	18	52	43	9	14	16	39	74	13	14	18	13	12
gi|22|emb|X52705.1|	421	TAGCC	GGCTA	21	19	47	18	52	43	11	14	17	39	72	13	15	18	12	9
gi|23|emb|X53811.1|	421	TAGCC	GGCTA	21	18	46	22	53	40	9	12	16	36	72	14	17	19	12	13
gi|24|emb|X53812.1|	421	TAGCC	GGCTA	20	17	47	19	50	41	8	16	17	36	74	14	16	20	13	12
gi|25|emb|X53813.1|	421	TAGCC	GGCTA	19	18	49	18	52	44	10	16	17	39	70	11	16	20	9	12
gi|26|emb|X53814.1|	415	GGGTA	TACCC	21	19	46	19	52	41	9	15	18	36	69	13	14	20	13	9
gi|27|emb|Z18633.1|	517	GGATA	TATCC	55	38	30	38	40	36	27	27	33	25	32	18	32	32	19	34
gi|28|emb|Z18632.1|	385	GGGAG	CTCCC	53	22	31	29	35	20	13	19	18	18	17	16	30	26	8	29
gi|29|emb|X60495.1|	895	GATAA	TTATC	65	51	63	40	38	83	81	66	56	52	49	47	60	82	11	50
gi|33|emb|X60496.1|	371	GCTGA	TCAGC	25	15	23	33	18	20	22	29	20	20	21	15	32	34	10	33
gi|36|emb|X60497.1|	493	TGTGC	GCACA	35	20	50	24	13	26	47	26	49	32	41	27	32	34	11	25
gi|37|emb|X60498.1|	551	GTATT	AATAC	53	29	69	24	18	34	38	23	68	21	55	23	37	28	5	25
gi|38|emb|Z11996.1|	1633	CTGAA	TTCAG	55	34	125	96	25	75	128	87	106	68	125	142	124	137	64	241
gi|39|emb|X57170.1|	119	AGGGT	ACCCT	4	5	6	7	7	2	8	7	8	7	15	9	3	11	9	10
gi|40|emb|X60960.1|	483	TGCTC	GAGCA	45	28	36	26	10	37	33	40	36	21	29	18	44	34	7	38
gi|31342534|ref|NM_174233.2|	3029	GTCAC	GTGAC	264	225	184	154	164	290	222	210	170	140	117	160	229	232	63	204
gi|62|emb|X67213.1|	375	TGGGC	GCCCA	23	22	24	26	15	23	24	26	24	10	33	23	34	33	8	26
gi|63|emb|X67214.1|	307	GCAAC	GTTGC	6	6	10	20	4	5	33	11	14	18	41	35	18	23	25	37
gi|65|emb|X13736.1|	1391	GGGCC	GGCCC	37	41	116	60	20	33	116	73	111	60	180	127	87	108	65	156
gi|69|emb|X05087.1|	535	CCAAA	TTTGG	29	28	34	30	14	42	25	66	20	31	23	22	58	45	14	53
gi|70|emb|X05090.1|	537	CAATG	CATTG	31	40	32	23	16	57	39	63	21	32	17	22	58	46	4	35
gi|71|emb|X63475.1|	157	CATTC	GAATG	7	10	15	9	2	6	14	11	15	9	16	7	17	9	2	7
gi|72|emb|X63474.1|	339	CTTGT	ACAAG	15	23	26	11	18	27	35	23	26	21	28	15	17	32	0	21
gi|75|emb|X03454.1|	735	CCGTG	CACGG	55	32	74	40	16	26	50	38	73	35	53	53	57	37	37	58
gi|79|emb|X56933.1|	1101	ACATC	GATGT	97	52	87	41	34	56	88	58	71	57	100	87	76	71	39	86
gi|86|emb|X63592.1|	1031	GGCGA	TCGCC	28	55	49	45	17	31	97	95	54	48	71	92	78	105	49	116
gi|93|emb|X15802.1|	399	ACGTT	AACGT	33	19	37	33	18	25	31	19	30	30	7	22	41	20	13	20
gi|95|emb|X05218.1|	557	TGGCG	CGCCA	22	24	29	24	15	42	53	42	23	31	46	42	40	55	14	54
gi|31341268|ref|NM_176613.2|	615	GGACC	GGTCC	36	25	42	31	20	42	47	47	33	32	43	39	46	56	15	60
gi|103|emb|X05605.1|	1317	TGAGC	GCTCA	101	83	81	63	55	92	138	76	86	87	99	69	87	99	22	78
gi|105|emb|X16978.1|	345	TGAAA	TTTCA	43	26	23	21	15	12	29	19	25	15	13	23	30	23	10	17
gi|31341369|ref|NM_176670.2|	973	GAGGC	GCCTC	30	21	68	42	17	29	83	54	44	47	97	114	70	86	53	117
gi|31343600|ref|NM_175822.2|	491	ATCAG	CTGAT	62	34	28	25	31	34	22	35	30	23	26	21	26	31	24	38
gi|115|emb|X69084.1|	511	TACCT	AGGTA	37	38	31	28	25	40	40	37	35	25	24	26	37	40	15	32
gi|117|emb|X56685.1|	1367	GCTTT	AAAGC	142	72	108	62	57	90	107	73	96	72	92	86	90	93	38	88
gi|119|emb|X56119.1|	53	TTGGA	TCCAA	3	4	3	4	1	1	3	5	4	1	2	4	6	5	2	4
gi|120|emb|X14711.1|	10337	CACTC	GAGTG	1218	1048	658	456	908	1208	694	619	610	494	342	294	644	679	46	418
gi|121|emb|X57765.1|	3215	TCCAG	CTGGA	275	231	193	167	165	340	249	181	190	172	171	168	236	192	87	197
gi|123|emb|X63139.1|	853	GAGAC	GTCTC	24	22	68	37	18	31	70	46	50	42	90	75	58	71	29	121
gi|124|emb|X52582.1|	177	GCTCA	TGAGC	7	9	10	9	4	6	17	13	12	10	29	9	11	16	4	10
gi|125|emb|X52581.1|	271	CTCCT	AGGAG	10	7	20	6	5	5	20	17	13	9	30	32	15	26	13	42
gi|127|emb|X14710.1|	7877	TGGTC	GACCA	323	267	588	373	144	313	625	493	500	386	910	560	584	609	232	969
gi|136|emb|X64126.1|	259	TTCAC	GTGAA	12	9	19	19	4	12	19	16	23	11	30	16	20	20	11	17
gi|137|emb|X64125.1|	559	CCTGG	CCAGG	48	34	55	30	18	30	58	22	70	27	43	24	32	37	8	22
gi|147|emb|X05274.1|	833	TCCTC	GAGGA	59	45	58	37	31	61	55	75	49	29	48	46	61	87	11	80
gi|31342400|ref|NM_174292.2|	619	GAGAA	TTCTC	41	35	45	35	24	30	54	30	41	28	47	48	50	44	19	47
gi|157|emb|X63681.1|	955	GAACG	CGTTC	97	49	61	59	38	56	80	62	59	58	53	50	73	73	26	60
gi|158|emb|X63683.1|	825	AACAT	ATGTT	83	51	64	53	48	64	63	51	67	34	30	33	54	77	6	46
gi|159|emb|X63680.1|	1229	AGTGT	ACACT	108	78	79	70	58	95	95	96	73	62	61	52	96	108	13	84
gi|160|emb|X63684.1|	1013	GCTCT	AGAGC	112	64	77	65	59	71	74	62	78	42	44	38	69	89	7	61
gi|161|emb|X63682.1|	865	GAAAA	TTTTC	96	55	66	56	49	64	66	55	69	38	24	34	60	77	8	47
gi|167|emb|X67333.1|	449	CCTAA	TTAGG	48	16	45	40	7	12	23	19	43	9	27	26	51	24	10	48
gi|169|emb|X03590.1|	1003	TATAA	TTATA	146	112	45	54	100	136	65	49	49	46	32	18	62	56	3	29
gi|170|emb|X00565.1|	849	GTCAC	GTGAC	91	58	66	58	50	66	52	47	47	34	22	45	85	56	8	63
gi|171|emb|X06359.1|	1093	CTCAC	GTGAG	109	84	69	41	57	103	76	90	61	43	36	47	75	97	6	98
gi|31341348|ref|NM_181029.2|	1171	CCTGA	TCAGG	121	86	82	55	62	104	94	88	73	61	51	46	87	97	4	59
gi|176|emb|X14906.1|	895	CTTTC	GAAAG	119	100	46	40	89	114	54	57	48	38	26	20	50	62	5	26
gi|177|emb|X14907.1|	719	AAAAT	ATTTT	98	86	29	27	80	134	38	40	26	31	19	11	36	41	1	21
gi|180|emb|X14908.1|	7595	ACATG	CATGT	955	869	425	397	751	825	477	422	419	311	241	211	520	470	39	262
gi|31343314|ref|NM_173899.2|	1953	TGGAG	CTCCA	93	59	154	99	29	76	150	119	126	87	201	171	158	152	79	199
gi|192|emb|X00673.1|	1537	TGGTC	GACCA	51	29	133	100	16	31	103	70	125	64	168	170	120	96	123	137
gi|197|emb|X04012.1|	1881	AAACC	GGTTT	93	41	224	82	22	39	97	81	191	49	212	179	135	110	98	227
gi|201|emb|X55489.1|	2361	AGAGC	GCTCT	218	94	273	132	68	101	125	105	259	84	215	139	173	120	84	170
gi|205|emb|X04823.1|	833	GTGTC	GACAC	40	19	71	42	12	23	61	53	52	42	76	63	69	65	24	120
gi|31342047|ref|NM_174421.2|	833	GTGTC	GACAC	40	19	71	42	12	23	61	53	53	42	77	62	68	65	24	120
gi|48374082|ref|NM_001001440.2|	2055	AGGAG	CTCCT	182	185	130	103	124	184	168	123	153	87	106	100	141	143	43	82
gi|217|emb|X04298.1|	1883	TGCTC	GAGCA	90	38	221	79	22	46	102	86	186	52	207	178	129	120	93	233
gi|28461282|ref|NM_175830.1|	797	CTGCA	TGCAG	52	37	67	39	31	43	64	57	57	50	40	51	56	65	26	61
gi|31343575|ref|NM_175810.2|	759	GCAGC	GCTGC	44	22	54	33	20	25	50	37	50	44	96	72	39	41	62	69
gi|31341358|ref|NM_176652.2|	503	GAAAA	TTTTC	64	25	47	23	12	19	35	29	49	19	32	33	35	32	18	30
gi|31343564|ref|NM_175800.2|	677	ATGGG	CCCAT	85	41	54	35	38	45	54	34	50	41	40	33	42	44	16	24
gi|45430052|ref|NM_205817.1|	1269	TTTGG	CCAAA	76	69	84	64	35	87	109	76	93	70	91	82	90	81	51	110
gi|31341414|ref|NM_176655.2|	1345	AGATG	CATCT	90	44	121	81	36	45	108	59	107	78	108	105	104	81	60	117
gi|31343616|ref|NM_175828.2|	521	CGCTT	AAGCG	35	26	29	25	15	34	47	30	34	31	43	41	31	35	30	34
gi|233|emb|X63209.1|	705	ACTGG	CCAGT	66	36	38	46	29	23	60	29	52	36	67	41	40	44	31	62
gi|31341408|ref|NM_176667.2|	487	CATTA	TAATG	70	42	34	24	35	37	38	19	39	22	35	15	26	28	4	18
gi|31343617|ref|NM_175829.2|	567	AATGA	TCATT	92	50	41	25	41	47	47	19	43	28	27	23	33	29	5	16
gi|31343543|ref|NM_175791.2|	479	TGGTT	AACCA	61	30	32	24	18	28	32	23	35	25	40	30	34	18	25	23
gi|31343540|ref|NM_175787.2|	599	TTTGC	GCAAA	68	42	43	28	36	46	38	33	44	29	31	35	33	36	27	29
gi|31341404|ref|NM_176660.2|	515	GCCTG	CAGGC	40	13	39	31	8	9	33	19	42	13	46	57	34	34	39	57
gi|31343589|ref|NM_175815.2|	583	AGGTA	TACCT	86	38	40	18	23	28	48	32	42	27	32	42	31	38	23	34
gi|31341403|ref|NM_176659.2|	345	CCCAG	CTGGG	38	11	23	23	8	4	22	14	22	12	20	28	28	21	16	54
gi|31341658|ref|NM_174564.2|	427	ATGTT	AACAT	54	28	26	17	22	40	34	27	25	32	20	18	25	23	15	20
gi|251|emb|X63223.1|	293	AACAA	TTGTT	45	25	16	16	21	27	25	11	23	14	14	9	14	18	5	9
gi|255|emb|X63224.1|	611	CAAGA	TCTTG	60	19	67	31	17	19	41	22	51	29	34	57	50	32	28	53
gi|257|emb|X63208.1|	663	TCCCA	TGGGA	74	53	39	31	38	64	48	39	51	28	33	29	34	44	21	36
gi|265|emb|X02420.1|	979	ACATA	TATGT	83	42	61	80	28	42	67	57	68	37	67	59	86	74	36	91
gi|267|emb|X15112.1|	359	ACCGG	CCGGT	21	13	22	25	10	12	27	27	24	19	32	17	26	31	12	40
gi|269|emb|X56857.1|	343	GGGCC	GGCCC	14	11	15	22	4	18	21	23	16	6	32	33	29	31	19	48
gi|31341372|ref|NM_176674.2|	417	ATCCT	AGGAT	55	11	33	24	8	11	26	24	34	16	38	27	26	32	17	34
gi|273|emb|X15235.1|	419	AGCCA	TGGCT	29	33	33	15	23	34	35	26	32	24	29	21	26	28	8	22
gi|277|emb|X15725.1|	325	CAAGT	ACTTG	23	22	29	14	17	29	18	25	27	17	22	13	21	21	9	17
gi|278|emb|X58823.1|	585	CAGCA	TGCTG	58	50	44	32	46	56	39	32	37	29	27	23	43	38	5	25
gi|283|emb|X07436.1|	725	ACTGC	GCAGT	32	27	44	42	14	31	61	41	51	41	60	64	48	48	50	70
gi|287|emb|X01036.1|	619	ACGAG	CTCGT	27	30	44	41	22	44	42	37	46	21	46	43	48	50	24	53
gi|31341250|ref|NM_174837.2|	2603	GACCG	CGGTC	117	71	172	119	58	145	207	161	147	115	233	249	158	239	132	279
gi|297|emb|X13617.1|	715	GATTC	GAATC	72	41	52	53	35	56	48	38	54	25	38	33	58	55	12	44
gi|31341485|ref|NM_174630.2|	1621	GGTTT	AAACC	149	101	127	76	73	130	136	98	100	93	80	100	131	114	29	83
gi|303|emb|X14478.1|	699	GCATG	CATGC	56	37	62	34	27	53	44	53	45	32	41	34	60	55	5	60
gi|31342962|ref|NM_174043.2|	2379	CCTGA	TCAGG	84	85	162	143	37	71	173	172	132	98	199	207	222	199	102	292
gi|317|emb|Z18244.1|	1159	CAGAA	TTCTG	64	47	75	74	65	75	65	75	52	72	88	81	79	86	66	94
gi|330|emb|V00108.1|	957	ATACG	CGTAT	77	48	93	38	37	59	82	44	92	44	73	59	50	72	19	69
gi|332|emb|V00109.1|	1221	GCCTC	GAGGC	86	51	103	57	39	65	101	56	106	52	95	92	65	93	47	112
gi|31342355|ref|NM_174313.2|	683	GAATG	CATTC	42	32	45	50	16	45	55	53	45	41	48	35	66	50	21	38
gi|343|emb|X16577.1|	1459	TGGTG	CACCA	82	56	110	79	46	79	131	80	91	90	106	120	108	111	60	109
gi|31343284|ref|NM_173911.2|	1605	GATAA	TTATC	168	149	107	92	103	138	128	82	123	72	81	61	123	92	20	65
gi|356|emb|V00110.1|	1329	GATGG	CCATC	143	102	103	84	74	54	112	57	117	71	90	57	99	69	30	66
gi|31343278|ref|NM_173914.2|	675	GCGGG	CCCGC	22	17	47	37	4	23	36	47	48	27	43	70	49	44	62	98
gi|31343557|ref|NM_177512.2|	1727	AACCG	CGGTT	89	79	100	92	56	78	128	117	94	83	124	149	122	139	98	178
gi|31342321|ref|NM_174324.2|	3099	GGAAA	TTTCC	309	273	195	157	231	379	261	148	202	191	119	125	192	176	62	78
gi|394|emb|X00376.1|	2071	TTCAA	TTGAA	164	133	159	91	103	182	181	125	148	101	137	109	132	175	18	112
gi|396|emb|X70059.1|	195	GGGGC	GCCCC	9	11	15	7	5	5	13	14	14	7	22	18	13	14	11	16
gi|398|emb|X13684.1|	827	GCTCT	AGAGC	35	26	42	40	12	31	64	58	50	37	68	83	47	71	63	99
gi|399|emb|V00111.1|	785	CAGAG	CTCTG	32	26	51	42	12	36	69	53	49	31	57	71	57	77	32	89
gi|401|emb|X03404.1|	1599	CCAGC	GCTGG	152	94	121	88	54	75	120	79	127	58	83	132	122	100	76	117
gi|29135328|ref|NM_177516.1|	809	CAACT	AGTTG	52	20	53	46	15	25	53	49	46	23	73	79	59	74	42	99
gi|31343525|ref|NM_175778.2|	3261	GAGAA	TTCTC	240	193	252	159	123	244	250	196	235	157	221	201	246	219	91	233
gi|409|emb|X52318.1|	905	GATTC	GAATC	90	59	60	48	57	91	74	48	54	59	49	41	55	62	20	37
gi|418|emb|X00502.1|	1167	TCGCC	GGCGA	28	21	71	52	15	30	60	67	64	29	116	150	64	92	113	194
gi|422|emb|X00503.1|	2427	AGATC	GATCT	91	49	210	100	33	74	148	132	155	84	302	259	171	180	139	299
gi|427|emb|X53827.1|	2045	TCAGA	TCTGA	181	130	151	116	70	134	184	112	169	96	125	113	158	140	44	121
gi|431|emb|X68443.1|	3229	GAGGA	TCCTC	336	213	246	156	171	261	252	200	233	197	171	150	210	214	82	136
gi|437|emb|X16701.1|	1829	AGTCT	AGACT	65	29	150	128	27	26	130	111	105	111	172	139	174	128	75	258
gi|441|emb|X16702.1|	1979	CCCGA	TCGGG	67	41	160	120	29	36	152	121	121	117	207	158	171	144	85	249
gi|31341226|ref|NM_174827.2|	549	GACGA	TCGTC	32	20	49	25	12	16	54	33	47	33	48	39	34	46	17	43
gi|466|emb|Z11749.1|	1251	GAGAG	CTCTC	105	69	117	69	60	68	81	77	93	60	84	60	101	90	15	101
gi|469|emb|X04152.1|	1663	ACCAA	TTGGT	59	50	136	61	48	52	112	92	110	87	263	144	89	115	94	150
gi|471|emb|X04198.1|	2077	CCAAG	CTTGG	80	83	173	89	44	102	186	126	161	87	219	163	140	186	52	185
gi|477|emb|X05048.1|	361	GGGGT	ACCCC	21	24	27	17	19	35	20	33	19	11	16	19	30	36	3	30
gi|482|emb|X05131.1|	247	GCAGC	GCTGC	13	14	14	15	14	31	15	21	10	9	8	12	19	28	2	21
gi|483|emb|X05127.1|	233	GCCAG	CTGGC	17	10	15	10	8	23	15	15	10	11	10	17	17	17	9	28
gi|484|emb|X01460.1|	1101	CGGCG	CGCCG	115	61	84	63	51	60	65	65	86	47	78	69	71	74	52	59
gi|485|emb|X01461.1|	445	TGGAT	ATCCA	18	15	41	22	9	17	27	36	30	20	21	38	39	37	20	54
gi|487|emb|V00426.1|	1529	GGTGA	TCACC	145	86	126	97	69	97	123	83	117	87	76	70	122	103	25	102
gi|497|emb|X06366.1|	3089	TAACA	TGTTA	219	199	192	158	184	332	241	240	182	170	174	104	182	297	23	191
gi|505|emb|X57084.1|	2405	GTGCC	GGCAC	215	82	175	117	48	107	220	131	181	132	196	176	146	185	94	199
gi|28461188|ref|NM_175782.1|	505	GGGCC	GGCCC	33	19	32	28	7	16	44	35	28	27	43	39	43	41	18	51
gi|519|emb|X14712.1|	789	AAAGT	ACTTT	41	29	61	37	8	13	70	44	63	28	67	67	55	66	27	112
gi|526|emb|X51933.1|	671	TGGAC	GTCCA	44	32	44	48	15	44	54	52	44	38	48	35	65	50	19	38
gi|528|emb|X07363.1|	499	CTATG	CATAG	49	34	32	27	23	31	40	31	37	19	20	32	32	41	16	34
gi|532|emb|X67825.1|	295	CTGGA	TCCAG	13	19	20	12	12	22	29	24	19	21	24	11	20	24	3	21
gi|533|emb|X67824.1|	247	TGTCT	AGACA	9	11	15	10	8	16	30	24	12	28	11	9	16	23	4	20
gi|534|emb|X67823.1|	549	CTTGC	GCAAG	39	54	32	56	49	55	34	31	29	25	9	17	64	35	4	15
gi|535|emb|X67822.1|	271	CAGAG	CTCTG	26	17	25	15	12	9	37	10	27	24	10	12	17	18	2	9
gi|536|emb|X68049.1|	149	GTGTG	CACAC	7	10	8	4	4	9	26	12	8	22	3	7	10	11	2	5
gi|537|emb|X67826.1|	291	CATAT	ATATG	23	42	18	8	33	27	31	13	14	29	4	7	21	7	1	12
gi|538|emb|X67828.1|	407	GCAGA	TCTGC	19	19	28	24	17	25	40	32	25	36	30	14	29	33	8	27
gi|539|emb|X60511.1|	309	TGGTC	GACCA	3	6	11	4	3	23	47	35	8	37	24	19	10	42	6	30
gi|540|emb|X67827.1|	313	GATTC	GAATC	46	24	30	14	26	29	25	11	27	26	13	5	15	12	4	5
gi|541|emb|X67830.1|	361	ACACA	TGTGT	46	23	34	42	25	14	17	11	29	16	18	9	45	14	3	14
gi|542|emb|X65202.1|	499	GGTTT	AAACC	38	24	46	37	21	37	37	21	38	26	32	24	49	28	5	29
gi|543|emb|X65203.1|	375	TTGGA	TCCAA	42	30	28	31	25	13	28	10	23	19	25	19	41	15	5	20
gi|544|emb|X65204.1|	607	ACAGG	CCTGT	57	41	45	54	38	37	36	36	37	33	34	18	64	36	8	29
gi|545|emb|X65205.1|	359	CCCCT	AGGGG	21	14	31	31	10	15	29	18	31	19	36	18	35	25	7	18
gi|546|emb|X65206.1|	497	TGTGT	ACACA	34	29	38	23	26	48	54	22	34	46	38	16	30	27	3	20
gi|547|emb|X65207.1|	501	TAGAT	ATCTA	47	28	45	40	19	37	35	21	41	21	30	24	52	25	6	24
gi|548|emb|X65208.1|	467	CACAT	ATGTG	35	27	21	61	21	32	26	30	22	15	26	13	64	36	3	26
gi|549|emb|X65209.1|	531	CCNAT	ATNGG	42	47	25	29	30	58	61	26	26	41	19	18	41	31	1	25
gi|550|emb|X65210.1|	515	AATTC	GAATT	27	60	32	13	50	33	62	25	29	47	28	19	24	30	2	29
gi|551|emb|X65211.1|	507	TGTGT	ACACA	43	57	40	32	41	27	42	28	42	27	20	14	45	27	1	16
gi|552|emb|X65212.1|	391	ATCTG	CAGAT	27	29	31	16	17	21	31	27	22	26	30	21	36	21	8	25
gi|553|emb|X65213.1|	429	GGTTG	CAACC	23	29	30	16	19	39	28	35	21	14	21	25	31	43	3	30
gi|554|emb|X65214.1|	481	GTAGT	ACTAC	10	19	32	14	10	20	85	29	25	71	36	29	30	33	8	29
gi|555|emb|X65215.1|	623	AGAAT	ATTCT	48	41	44	43	30	48	54	31	47	25	40	34	50	49	9	29
gi|556|emb|X65216.1|	309	TAAGG	CCTTA	25	25	23	14	24	35	33	10	16	30	16	6	20	10	0	9
gi|557|emb|X65217.1|	489	GTGCT	AGCAC	31	25	37	32	17	22	40	31	28	24	42	28	49	38	4	34
gi|558|emb|X67832.1|	267	GTTTT	AAAAC	12	12	21	32	18	24	16	13	12	15	12	12	34	20	2	11
gi|559|emb|X64897.1|	497	CCTAA	TTAGG	58	32	32	25	23	36	37	34	34	26	27	22	33	36	12	29
gi|563|emb|X66277.1|	2615	GCATA	TATGC	277	215	163	155	179	288	193	140	162	125	118	93	193	172	23	118
gi|565|emb|Z14036.1|	373	AGCTA	TAGCT	38	34	27	29	28	29	32	11	26	18	10	18	36	19	2	15
gi|566|emb|Z14037.1|	433	TCCAC	GTGGA	35	36	20	29	32	30	46	25	16	38	16	16	37	30	3	23
gi|567|emb|Z14038.1|	307	CACAG	CTGTG	17	20	24	27	17	19	22	16	20	16	25	11	34	20	0	18
gi|568|emb|Z14039.1|	287	CACAC	GTGTG	26	14	23	38	9	10	18	9	25	13	17	12	41	10	9	12
gi|569|emb|Z14040.1|	189	CCGGA	TCCGG	3	2	17	22	2	4	12	7	10	6	27	16	29	13	2	16
gi|570|emb|Z14041.1|	211	ACACA	TGTGT	9	16	26	18	15	13	10	10	20	9	13	9	24	10	3	5
gi|571|emb|Z14042.1|	247	AAGAG	CTCTT	14	15	14	27	12	26	21	7	11	13	19	15	33	12	3	4
gi|572|emb|Z14043.1|	189	TTCTC	GAGAA	7	14	6	25	10	10	15	14	3	10	2	10	33	15	1	13
gi|573|emb|X67829.1|	287	ATGTG	CACAT	16	11	18	45	16	12	11	23	21	18	9	1	36	22	11	16
gi|574|emb|X67831.1|	447	ACCCC	GGGGT	52	54	29	46	49	16	24	16	29	21	20	8	50	15	5	12
gi|589|emb|V00113.1|	609	CCAGT	ACTGG	20	6	38	28	6	13	46	21	33	19	58	94	33	48	62	83
gi|595|emb|X15600.1|	669	TTTAC	GTAAA	47	24	46	32	19	38	65	47	31	37	53	53	53	70	10	43
gi|599|emb|X52907.1|	193	TTTTT	AAAAA	44	14	7	8	12	32	14	7	7	10	5	5	11	8	1	7
gi|31341315|ref|NM_176647.2|	2483	CGAAT	ATTCG	281	161	201	157	129	188	182	130	177	133	119	110	214	147	36	117
gi|610|emb|X54962.1|	1545	TGCTT	AAGCA	116	109	112	85	75	104	125	82	113	86	92	85	119	87	46	108
gi|31341417|ref|NM_174657.2|	1331	GGGAT	ATCCC	90	76	95	61	63	98	128	74	85	83	85	89	84	106	34	79
gi|622|emb|X00002.1|	581	TAAGA	TCTTA	79	53	40	27	36	46	52	32	45	31	35	17	38	36	1	12
gi|623|emb|X00003.1|	213	AAATA	TATTT	15	16	11	7	13	31	23	12	7	15	8	12	14	17	0	11
gi|625|emb|X00004.1|	1403	ATATC	GATAT	124	103	103	67	86	161	104	85	79	65	66	69	108	108	6	68
gi|640|emb|X03098.1|	929	TCCCT	AGGGA	63	44	52	49	32	71	91	73	47	58	48	53	65	95	14	69
gi|642|emb|X63436.1|	3431	TGAAT	ATTCA	360	251	250	193	214	349	252	180	225	184	162	144	255	211	50	150
gi|31342776|ref|NM_174133.2|	1143	GGCAA	TTGCC	71	65	97	59	24	65	83	78	99	52	75	66	98	68	38	104
gi|31343272|ref|NM_173915.2|	447	GAGGC	GCCTC	24	17	40	24	4	10	30	23	29	11	42	46	48	29	17	52
gi|654|emb|X01395.1|	495	TAAAT	ATTTA	29	23	42	19	17	21	27	28	43	24	39	52	24	25	49	32
gi|655|emb|X02351.1|	241	AGAAA	TTTCT	17	13	12	11	4	28	14	25	16	10	10	10	16	20	10	24
gi|657|emb|X01396.1|	197	GGAGA	TCTCC	9	10	13	7	2	11	17	17	15	10	15	13	13	17	8	19
gi|660|emb|X01397.1|	145	GTGGC	GCCAC	15	14	5	6	9	17	16	10	4	13	5	4	11	8	1	6
gi|662|emb|X01398.1|	123	AGCTT	AAGCT	17	15	4	4	13	23	5	9	2	3	2	4	9	9	0	3
gi|663|emb|X01399.1|	153	GACTA	TAGTC	21	19	6	9	18	15	8	8	6	5	7	3	9	11	0	7
gi|666|emb|X01400.1|	211	ACCTA	TAGGT	21	19	15	9	17	27	20	10	16	16	7	4	10	13	1	5
gi|668|emb|X01401.1|	327	TAATG	CATTA	40	32	15	14	30	53	25	17	13	21	10	8	18	19	2	9
gi|671|emb|X07283.1|	2705	TTACC	GGTAA	164	137	224	135	105	192	222	177	186	144	222	144	205	222	28	197
gi|673|emb|X16641.1|	2209	TCTAT	ATAGA	260	196	170	107	160	219	144	129	157	100	101	74	157	137	16	81
gi|677|emb|X16559.1|	593	CGCGC	GCGCG	30	17	67	32	11	7	21	31	53	17	58	53	52	29	35	79
gi|685|emb|X12516.1|	295	CCAGG	CCTGG	22	25	20	16	22	34	15	23	19	12	17	5	20	23	1	20
gi|691|emb|X17364.1|	963	AATAC	GTATT	26	24	86	52	15	18	85	62	66	59	98	68	81	79	23	120
gi|692|emb|X17365.1|	723	CGCCA	TGGCG	30	18	64	27	12	28	70	41	52	47	91	52	45	57	18	70
